iteration	posterior	likelihood	prior	mu_burn	mu_unburn	sig_burn	sig_unburn	difference	
100	-87.8536067924465	-65.4385054689876	-22.4151013234589	5.11982759531863	2.27782531563016	3.561336000744	8.48728514637082	2.84200227968847	
200	-86.7870258669098	-60.618036408264	-26.1689894586458	2.96987946681953	4.71973416084247	5.29416144738507	9.9982943640764	-1.74985469402293	
300	-86.1437262997118	-61.1234722746893	-25.0202540250225	4.80414252100788	0.673455250596721	6.53099192009841	7.76881102437369	4.13068727041115	
400	-84.7866506245241	-60.6457687076546	-24.1408819168695	6.05955815945096	0.27322831409229	4.57950550230753	8.96040859503887	5.78632984535867	
500	-87.0049685352432	-61.4265957008227	-25.5783728344205	7.27451357919448	2.53643380865278	5.679002533728	9.10308573080442	4.7380797705417	
600	-84.2895573586533	-58.0029706906257	-26.2865866680276	4.98472444784171	0.158300363311451	5.22107819962849	10.172996490842	4.82642408453026	
700	-86.0715089918012	-62.0481466644546	-24.0233623273465	2.64686822354518	2.37448938036514	4.39500942692694	9.04335286479659	0.272378843180039	
800	-84.6649393379579	-59.3860882319251	-25.2788511060328	2.92273204004117	0.835440989265312	4.90362568135907	9.61963788454636	2.08729105077586	
900	-88.6769572778462	-60.7863305133235	-27.8906267645227	1.60175241135336	3.75836860466925	6.98742908943978	9.792739347203	-2.15661619331589	
1000	-84.5143757883912	-58.9043613898286	-25.6100143985626	5.67437710078708	0.513186032565404	5.12615692784612	9.68327365454502	5.16119106822168	
1100	-87.7623234703112	-62.0121617187859	-25.7501617515254	5.15832982097096	6.3200165719335	4.35679854249184	10.5737370982508	-1.16168675096253	
1200	-86.6646752843222	-61.780259195307	-24.8844160890152	2.46488163875141	1.4196624032612	6.29102238320348	7.89139938482299	1.04521923549021	
1300	-84.7801686230115	-57.6835883835864	-27.0965802394251	4.48104368218877	0.736164817733783	5.41678102134329	10.6772306758187	3.74487886445499	
1400	-86.0753980158717	-58.6323284280113	-27.4430695878604	4.55073273113273	3.51627441201536	5.03479656233986	11.358625804188	1.03445831911737	
1500	-86.3296509077849	-59.3836931674668	-26.9459577403181	4.15826859722189	4.43500235988004	4.93976164661881	11.0240931395649	-0.27673376265815	
1600	-84.8192003438696	-59.6303348625589	-25.1888654813107	3.58936201153598	0.566914779281337	4.27551348862772	10.1699911035805	3.02244723225465	
1700	-86.9819705093389	-57.8690300911367	-29.1129404182022	3.47007882943102	2.76142688779337	6.19789596676429	11.6385062354359	0.708651941637644	
1800	-84.5083077611802	-58.9257910006521	-25.5825167605281	5.3457606530162	0.581757183333952	5.51766773761783	9.2680014037735	4.76400346968225	
1900	-85.9918647234078	-62.0254261359289	-23.9664385874788	3.43956575567178	3.07845891374918	4.34750133130301	9.04167164151772	0.361106841922602	
2000	-89.7999227163008	-56.7339737509355	-33.0659489653653	5.18951058691643	1.15713229015646	6.70630259468754	14.5459995203394	4.03237829675996	
2100	-84.6387841227903	-61.3002376453676	-23.3385464774227	2.89360575681827	0.176940643375833	4.65674528206301	8.1898494042664	2.71666511344244	
2200	-92.2447644592146	-64.1536831921005	-28.0910812671141	0.0369367732321422	4.18620489459308	8.28827094339368	8.66511556494265	-4.14926812136094	
2300	-87.5330917939223	-63.2698600918096	-24.2632317021126	2.0301849341365	4.05961204940276	4.93818435963777	8.70745544403076	-2.02942711526626	
2400	-85.7930268447452	-60.4766805293344	-25.3163463154109	2.12884860042207	1.728844215775	5.51945530000676	9.03620887442707	0.400004384647072	
2500	-85.656396321611	-61.1035765614241	-24.5528197601869	3.03362116612219	1.69251882625567	5.65921241120969	8.23666814213834	1.34110233986652	
2600	-85.1023337927588	-61.1278395999336	-23.9744941928252	5.34994380943202	0.254924728853535	5.70622826629852	7.68990576953843	5.09501908057848	
2700	-85.1766772034411	-60.7538186192703	-24.4228585841708	3.85369435347341	0.488565690668207	5.92527848325272	7.85829915839463	3.36512866280521	
2800	-91.3541028656874	-64.2640380708007	-27.0900647948866	6.89271461056821	4.13534870525645	7.98330661777009	8.10507491032809	2.75736590531175	
2900	-84.9931060114769	-59.2692750935003	-25.7238309179766	5.73472603760935	0.124950898663979	6.1004141800252	8.80736828653357	5.60977513894537	
3000	-84.6414247674245	-58.1051619575243	-26.5362628099002	4.28878617634722	0.834379511272441	4.89382871944991	10.7159977714739	3.45440666507477	
3100	-87.6166910511372	-61.711440768069	-25.9052502830682	3.85205682205311	2.61598520292146	6.86743208166745	8.19711968756496	1.23607161913165	
3200	-86.6110751864777	-58.8207402803494	-27.7903349061283	3.41887863656781	2.59948363373233	6.46413900103953	10.2293645710427	0.819395002835481	
3300	-84.4259737825481	-59.6740046700584	-24.7519691124897	4.36406350765652	1.22207033526329	5.1047429945932	8.9632278153415	3.14199317239323	
3400	-84.7611324123077	-58.8916375176049	-25.8694948947028	4.23424377733566	1.66744473777534	5.33545712154892	9.69819746480539	2.56679903956032	
3500	-86.8624950937494	-57.5199042462639	-29.3425908474855	4.05714317761637	2.10102709630327	4.92180145700996	13.11304779432	1.95611608131309	
3600	-88.4849277350744	-58.9133866229609	-29.5715411121135	4.29377653474263	6.80442285412746	5.27535124688011	12.9573400226629	-2.51064631938482	
3700	-85.862289662592	-57.6095767287346	-28.2527129338574	5.8315949623818	0.0603276568855158	5.05143546365735	12.0416212704706	5.77126730549628	
3800	-86.9250517930671	-58.8369603430688	-28.0880914499984	7.25984875507378	1.00596832498731	5.64425982098629	11.3065431067928	6.25388043008646	
3900	-87.0487779104748	-59.135900232399	-27.9128776780758	6.33508096985794	0.0220353195053526	7.44316385669236	9.35623218666046	6.31304565035259	
4000	-84.6293241825734	-59.7844710671652	-24.8448531154082	4.4045984682282	1.67477640710594	4.71600406972293	9.43223027966201	2.72982206112226	
4100	-84.7169253152518	-61.9472070060775	-22.7697183091742	3.89121604921571	0.0222023475524971	4.08019849687417	8.2748566273342	3.86901370166322	
4200	-84.7022194689707	-58.6390266918006	-26.0631927771701	5.6612126070661	0.683715728429984	5.35405268596087	9.84698139677971	4.97749687863612	
4300	-84.2009617102895	-59.9580077359402	-24.2429539743493	3.70057158101075	0.347559739222657	5.1932744391409	8.43484284018382	3.35301184178809	
4400	-88.2379873733741	-60.7760629941903	-27.4619243791838	3.9345515107391	1.99877680124892	7.71836736687992	8.69134792673617	1.93577470949018	
4500	-85.9271788359235	-59.012497466662	-26.9146813692616	3.9368866391135	3.4515208230895	5.49029399111469	10.4465340502768	0.485365816023997	
4600	-87.616205580898	-63.2135189305936	-24.4026866503044	3.65255765778669	5.5674632786232	4.99792192789328	8.76822460873268	-1.91490562083652	
4700	-85.2761506766485	-62.1368490886367	-23.1393015880117	6.44456791064046	0.0337980726343581	4.69977619807769	7.97464567550674	6.4107698380061	
4800	-84.7273538754763	-58.4421180286977	-26.2852358467786	3.27879022412277	0.839683498868812	4.99938051874351	10.3935268911275	2.43910672525396	
4900	-84.2230914603621	-59.4737302348024	-24.7493612255598	5.68334651949159	0.0104920364375225	4.85596203647156	9.20975522894628	5.67285448305407	
5000	-89.6040763411931	-66.9448914939498	-22.6591848472433	0.490374437778215	1.2476398477721	4.30912362883401	7.95041658857122	-0.757265409993888	
5100	-85.9398721257033	-62.8397344422767	-23.1001376834266	4.97794811219252	2.21664612259893	4.87183155102257	7.76874775008514	2.76130198959359	
5200	-86.1679977850396	-57.3487063768404	-28.8192914081993	3.86685313495151	1.77416152632041	5.5500183669531	12.0326339089054	2.0926916086311	
5300	-86.8193024750782	-60.0115041686612	-26.8077983064171	3.26538615090497	3.73544007385327	4.35356691509087	11.49090062652	-0.470053922948292	
5400	-89.1407294835844	-59.8708305391518	-29.2698989444326	8.60996056044199	0.822315500901919	7.35590093845104	10.6161333044267	7.78764505954007	
5500	-87.9207613460881	-59.2737392370941	-28.6470221089939	8.04514522360363	0.631401486081909	6.65748996619669	10.776299822491	7.41374373752172	
5600	-85.2151430406285	-59.3699458275625	-25.8451972130659	3.47348379973597	1.63306261956869	5.79648425878559	9.21617405407346	1.84042118016729	
5700	-84.2831480684887	-60.0036511987717	-24.279496869717	3.48568946052067	0.571071916112583	4.64011331816737	9.01958164979919	2.91461754440809	
5800	-84.7759570798278	-60.5264420619202	-24.2495150179076	3.79392417451642	0.493499309903104	4.11707512062576	9.51671173108957	3.30042486461332	
5900	-85.2327093150424	-59.0683057135699	-26.1644036014725	4.06869341690368	0.52595623690458	6.36725301045526	8.92124003974936	3.5427371799991	
6000	-87.0279184521612	-57.8829267754119	-29.1449916767493	3.57664816618241	2.32856517270384	4.78078433970523	13.0833142081949	1.24808299347857	
6100	-87.8929210585549	-62.6122538769053	-25.2806671816496	2.02486187148564	2.66498406263245	6.47419679101159	8.05063609417743	-0.640122191146812	
6200	-84.811167149385	-59.4070385653333	-25.4041285840517	6.27324335438855	0.346870942359697	5.18837414385353	9.44314502563543	5.92637241202886	
6300	-85.0792104743259	-59.1230268645858	-25.9561836097402	4.3470172078935	2.43320145722656	5.0152767582943	10.0932878543365	1.91381575066695	
6400	-85.2256325142427	-59.656831447726	-25.5688010665167	3.79763812919803	2.22655455660252	5.52300390653846	9.2508131385523	1.57108357259552	
6500	-85.2324584116195	-58.7014727522218	-26.5309856593977	5.53078444370725	1.51169387003584	4.89004400308777	10.7152223616115	4.01909057367141	
6600	-87.0400550862703	-61.1128767695407	-25.9271783167296	1.63040977365993	3.15913185166018	5.63485983369474	9.44864053313836	-1.52872207800025	
6700	-86.5522498826103	-57.7738204065657	-28.7784294760446	3.04619392309063	1.27256125988616	6.46857200382811	11.0787703887302	1.77363266320447	
6800	-86.7011345337011	-58.8062838184562	-27.8948507152448	1.53601473591947	1.03572630012231	6.11959554726791	10.6642229176334	0.500288435797156	
6900	-86.6239776749581	-61.3744506177726	-25.2495270571856	4.84041960282526	4.86691121864887	5.08662777609725	9.41129609860695	-0.0264916158236055	
7000	-89.0849278068975	-62.1225883616801	-26.9623394452174	7.92461325951196	4.85231963064698	5.94900820713092	10.0290024463295	3.07229362886497	
7100	-85.9974707320957	-59.9057394108688	-26.0917313212269	5.16283240473173	3.66418556621475	5.38727559271802	9.83841940562456	1.49864683851698	
7200	-85.9575236157059	-60.103719738814	-25.8538038768918	6.02360206494383	0.877286930715758	6.43109093309914	8.5890046270772	5.14631513422807	
7300	-88.506331118344	-64.4973300419037	-24.0090010764403	0.411925901879599	1.84033469608231	5.61731251777683	7.80863983474887	-1.42840879420271	
7400	-90.425225047463	-63.7431192281823	-26.6821058192808	8.29041507256873	3.71830676993532	4.52308563032721	11.2127676872744	4.57210830263341	
7500	-86.2190551839888	-59.3787678888045	-26.8402872951843	5.90178636905081	0.125425054373313	6.98900167696711	8.88354046467907	5.7763613146775	
7600	-84.5372966634331	-60.7263363759744	-23.8109602874587	5.25635026466377	0.832080511989165	4.65770707611528	8.59711295889906	4.4242697526746	
7700	-87.659821629962	-61.4103731608632	-26.2494484690987	2.3822108136835	5.17691765058963	4.62491855450508	10.7370640296697	-2.79470683690613	
7800	-84.4205511570137	-60.4958267641175	-23.9247243928962	2.96295489113503	0.224857709052134	4.95986506721538	8.39326155965432	2.73809718208289	
7900	-89.3560716218486	-62.986372506726	-26.3696991151226	8.38702464172341	3.44959352552714	6.56460822309901	8.90128614532046	4.93743111619628	
8000	-89.1062747155786	-65.358786916171	-23.7474877994076	7.04500002159081	4.85139064412387	4.89502136718084	8.30495040130086	2.19360937746694	
8100	-86.0367005120715	-62.0258452840407	-24.0108552280308	5.53912331654034	2.98806871674778	4.45040675212231	8.97714782214939	2.55105459979256	
8200	-86.5793635310944	-58.2676281400937	-28.3117353910007	2.74588057234608	0.446865275354963	6.96885764884365	10.1752019616517	2.29901529699112	
8300	-88.0811926828152	-66.9235548386264	-21.1576378441888	2.77821226672926	1.28637417839663	4.12629796826814	6.83571551332466	1.49183808833262	
8400	-86.9105386741294	-61.6563086227013	-25.2542300514282	1.8225527943457	1.57573711281465	6.30467215326217	8.19731570395857	0.246815681531043	
8500	-86.4527246755427	-63.5829866220564	-22.8697380534863	4.20317566882544	0.555928208252322	3.55439654906814	8.88708829867869	3.64724746057312	
8600	-84.2983034882013	-60.6968660374312	-23.6014374507701	3.68329931121595	0.0974969092366287	5.11994207004619	7.95382370438642	3.58580240197932	
8700	-86.2834151337476	-58.841150422097	-27.4422647116505	2.88045553328745	2.76507825436248	5.8914397895017	10.5012870620678	0.115377278924971	
8800	-85.8418019141782	-62.7977547619405	-23.0440471522377	3.77293235926233	1.51891447059633	3.91596576600869	8.67614421399526	2.254017888666	
8900	-85.9694840229689	-63.5502124552701	-22.4192715676988	4.40691630427069	1.14533292906536	3.83644052484606	8.21578424132645	3.26158337520534	
9000	-91.5675966306094	-66.0066665682596	-25.5609300623498	2.54089963784166	8.72679938949468	3.77114174334866	10.9958737575191	-6.18589975165301	
9100	-86.772581564746	-59.6156967889949	-27.1568847757511	5.83333324104272	1.26004865005789	4.21790462412473	11.9282178281549	4.57328459098483	
9200	-88.7365891291075	-58.3132413132981	-30.4233478158094	3.01755460050232	0.666001721603703	8.06539253174861	10.9033675851508	2.35155287889862	
9300	-85.6888510826805	-58.4303000962453	-27.2585509864352	4.90673706705026	1.18094292082069	4.4835682027654	11.7504067284729	3.72579414622956	
9400	-85.4151078271289	-57.3252702746532	-28.0898375524757	3.8545675335797	0.72816422054721	5.20198241301414	11.750329368396	3.12640331303249	
9500	-85.5335633621926	-63.066338762913	-22.4672245992797	3.40771048258715	0.832646933065821	4.11252817703944	7.98113408020913	2.57506354952133	
9600	-85.2830529290542	-59.064545481148	-26.2185074479062	3.84256992650874	1.07931459476994	4.3260208129098	11.0092248112171	2.7632553317388	
9700	-84.7227210211642	-61.3231543731077	-23.3995666480565	5.63927707799054	0.485605609921645	4.77464245615129	8.12468138395093	5.1536714680689	
9800	-86.3065437418929	-63.5863455713054	-22.7201981705876	2.12305349601708	0.291851259915251	4.13522917736855	8.17703427688434	1.83120223610183	
9900	-85.8905397615763	-60.6090383260885	-25.2815014354879	5.31429608423538	1.06506269736392	6.3345902208851	8.19096356525301	4.24923338687146	
10000	-86.4252473822021	-61.8473843626172	-24.5778630195849	7.64182445664234	0.524947169089597	5.06932823063408	8.8481928697995	7.11687728755274	
10100	-87.1256257726845	-63.6595253493107	-23.4661004233738	0.988213883957783	0.0645049956236967	4.46275146614362	8.49406598030805	0.923708888334087	
10200	-89.9530311737487	-61.4998573418619	-28.4531738318868	8.74745686609573	1.25314308175994	8.07282509078805	9.19345524150162	7.49431378433579	
10300	-84.9392027718289	-62.0147746538789	-22.9244281179501	4.5647738866853	0.845042495841067	4.81889616960262	7.66984781867109	3.71973139084423	
10400	-84.7078990646524	-58.9384202097252	-25.7694788549272	3.99555967118316	1.57173233726816	5.3035360382085	9.64369202579587	2.423827333915	
10500	-90.6324984404304	-68.4775234626189	-22.1549749778115	5.5235869220803	4.30118758309809	5.07383997232255	6.74999907507777	1.2223993389822	
10600	-85.6753951549663	-57.8959347339835	-27.7794604209829	6.27808937033363	0.214500661620963	5.82349619275492	10.8606104472394	6.06358870871267	
10700	-90.0993280665916	-56.7182648732245	-33.3810631933671	3.26806600600206	0.874840550443064	6.7581366422267	14.7664640654086	2.39322545555899	
10800	-91.8049400977375	-63.1128614818786	-28.6920786158589	6.02812917275629	9.77709489021627	6.80648915173088	10.6662351639218	-3.74896571745998	
10900	-87.8263386133604	-66.0137723752986	-21.8125662380618	3.12945143248611	0.974240579323936	5.10216431046438	6.42579023015901	2.15521085316217	
11000	-85.681890381953	-62.4355700301211	-23.2463203518319	4.43084349319064	0.73552185125472	5.52182170824681	7.24507792794361	3.69532164193592	
11100	-88.9129964616984	-63.2460250834806	-25.6669713782178	0.00188788470155998	1.98833706011819	5.00229598564629	9.85635263903282	-1.98644917541663	
11200	-85.5079594299349	-57.9445702955536	-27.5633891343814	4.58411259647734	0.910800924377423	6.27079550625358	10.2265981832727	3.67331167209992	
11300	-85.9475128234756	-58.0762142403978	-27.8712985830778	2.37582108542598	0.89665075685652	5.45468076115076	11.3087856793984	1.47917032856946	
11400	-85.6506555063825	-60.705660281371	-24.9449952250115	1.70800647070907	0.858612883983273	5.19699767424327	9.03777213778562	0.849393586725792	
11500	-87.4679011597363	-62.9684837556811	-24.4994174040553	0.660317294078837	0.417817056497466	4.63378379942451	9.21595035644464	0.242500237581371	
11600	-88.6114927012025	-63.1158920421447	-25.4956006590578	0.491388101817151	3.10846384460283	5.98557104874936	8.72499157569587	-2.61707574278568	
11700	-85.0059999685686	-61.395068572642	-23.6109313959265	3.31202904066346	0.698353017998766	5.28994862881091	7.79202111635573	2.61367602266469	
11800	-87.6692403419056	-60.6630177659609	-27.0062225759447	5.69379130915082	4.3822741981986	4.23271983844761	11.7832113964225	1.31151711095223	
11900	-84.1470073821325	-59.7539289922043	-24.3930783899282	4.04679260145598	0.0699380862916819	5.417513988042	8.34032979502558	3.97685451516429	
12000	-84.2170084952316	-57.9667709687703	-26.2502375264612	4.46320432774998	0.190172341333795	5.3440587479302	10.0186056817158	4.27303198641618	
12100	-89.6402291488291	-58.8250990009054	-30.8151301479236	6.5143061878746	5.56191896475675	5.52981621242662	13.7774934467136	0.952387223117849	
12200	-86.4006781328859	-58.0678307295675	-28.3328474033184	6.65069677006728	0.571970505787153	6.06039913982686	11.1019039225041	6.07872626428013	
12300	-85.6055389792621	-58.5999339753214	-27.0056050039407	5.75686221780531	0.737526760583837	6.32382123900179	9.69157633546024	5.01933545722147	
12400	-91.6835122853634	-63.4614044368015	-28.2221078485619	2.10192981570684	3.78471865862785	3.64068371738841	13.4259263478427	-1.68278884292101	
12500	-87.7473776808787	-61.6659894107417	-26.081388270137	6.39528056677706	3.34714796938179	6.49970334564869	8.71705394692003	3.04813259739527	
12600	-85.0789201274796	-58.4039168768956	-26.675003250584	4.7718946069824	1.21325572641389	4.66331702453618	11.0663987743876	3.55863888056851	
12700	-85.6890581052096	-60.3523561390562	-25.3367019661534	3.92015168837928	2.75641384223299	5.63019787503008	8.94305615906819	1.16373784614629	
12800	-85.3097992180663	-60.4960855141828	-24.8137137038835	2.36813750421904	1.39097556859078	5.00849518884507	9.11283076612494	0.977161935628256	
12900	-85.4697967589701	-58.4695291222336	-27.0002676367364	2.49653118125819	0.33828407138763	6.15649303287801	9.8542923805046	2.15824710987056	
13000	-87.184921865669	-62.0545999644952	-25.1303219011738	2.13565226107561	1.01177896061735	6.67028288712327	7.72463263908617	1.12387330045825	
13100	-86.6528055563646	-60.5094024301904	-26.1434031261742	3.94920386535772	4.53691211916329	5.65245211223674	9.61789386823989	-0.587708253805577	
13200	-87.13476101261	-61.9406657104324	-25.1940953021777	7.97158584535397	1.23059165509595	5.73155460023855	8.71846921939618	6.74099419025803	
13300	-87.8622613543991	-57.0415660276612	-30.8206953267379	3.91507325765021	1.82034294508221	5.1590517522448	14.1530669260512	2.094730312568	
13400	-87.7213925913446	-58.4689248971712	-29.2524676941733	6.63377406845144	1.14634728679257	7.13560472085674	10.8213667146604	5.48742678165888	
13500	-85.6330754683346	-58.819794141686	-26.8132813266486	4.15363307971232	0.939347118457686	6.52031312539776	9.32889243995055	3.21428596125464	
13600	-85.3718634830217	-59.4903516243082	-25.8815118587136	2.73878351390637	1.10407585123731	4.57138467586201	10.4726540889799	1.63470766266906	
13700	-85.2001091728905	-59.9070931790139	-25.2930159938766	4.10066257767654	2.67149767683996	4.67861108650987	9.85689273604407	1.42916490083659	
13800	-84.876686730877	-60.6865146331237	-24.1901720977533	3.48027346726782	1.19930378239779	5.2856938050275	8.29681324970193	2.28096968487003	
13900	-88.7544137500269	-58.3433340032324	-30.4110797467946	5.12221201484748	4.52905253585605	6.72830052936052	12.229858422533	0.593159478991428	
14000	-85.2463896499151	-58.7483459221112	-26.4980437278039	3.53429601365976	2.18656242513852	5.32350536651511	10.2532949981953	1.34773358852123	
14100	-86.5571422349858	-59.1578321087393	-27.3993101262465	6.73107929456704	1.99238764509382	5.22516071383443	11.1304479370567	4.73869164947322	
14200	-85.0766967865559	-59.9225978677281	-25.1540989188278	3.48838223539018	1.75493270237176	5.49882701930192	8.91663486079528	1.73344953301842	
14300	-87.1150549288932	-58.4238816870199	-28.6911732418733	5.71430378897391	3.77145502096219	5.44912458962363	12.0228173682674	1.94284876801172	
14400	-87.0924159577657	-61.2716563435161	-25.8207596142496	8.21237689045914	0.392962288258691	5.34123360092354	9.65030753228098	7.81941460220045	
14500	-84.3036781940554	-58.0533636669095	-26.2503145271459	4.97453386966414	0.0588154148700646	5.53891289077301	9.82381807721436	4.91571845479408	
14600	-86.7262716306648	-57.4589850981447	-29.2672865325202	3.17541776994518	1.94686361666946	5.55956169666324	12.4102150915398	1.22855415327573	
14700	-85.7592830627873	-58.2925857590625	-27.4666973037249	3.90213182034246	2.51945502046319	5.69306848343995	10.7207712213251	1.38267679987927	
14800	-85.6350002596266	-58.1977469879174	-27.4372532717092	2.66916091249981	0.13322924575014	4.82179454091538	11.5666017919987	2.53593166674966	
14900	-92.7304957194513	-63.6358099730331	-29.0946857464181	2.82819716421612	12.9452311395126	6.03067626437706	11.7899515900037	-10.1170339752965	
15000	-87.8662997406916	-58.633907817636	-29.2323919230557	2.45663230236345	1.32681546654375	4.58349118178312	13.3561322455037	1.12981683581969	
15100	-85.730314566804	-61.9442329475569	-23.7860816192471	3.84917033532359	1.25298094158815	3.85679079668198	9.37653091887228	2.59618939373544	
15200	-86.4816430446233	-57.9369465263104	-28.5446965183129	6.38291562603511	1.11822819648487	5.6829980898795	11.6623694320417	5.26468742955024	
15300	-85.5377410308454	-60.9588211651428	-24.5789198657026	6.30221759596564	1.33989312298773	4.58643033384879	9.33200401544786	4.96232447297792	
15400	-86.0751239908043	-58.8292465515852	-27.2458774392191	3.69750717027388	2.85659018749548	4.63126816257437	11.5917552191506	0.840916982778399	
15500	-85.7520478089745	-60.1831031053839	-25.5689447035906	3.50932684099577	0.719687767939735	6.47355096607071	8.3003901996392	2.78963907305603	
15600	-84.5896424122429	-61.5402267635403	-23.0494156487026	3.9109216870395	0.551932218166161	4.36107449076672	8.2356745499394	3.35898946887334	
15700	-89.301239418849	-61.5856219597656	-27.7156174590833	8.32085807645969	0.762554385380913	7.95375830802669	8.67517992912076	7.55830369107877	
15800	-89.5757424654837	-65.6561001282838	-23.9196423371999	7.13124517189614	5.36147972181616	4.47191593383041	8.87681915343023	1.76976545007998	
15900	-90.9052290272779	-64.9503948476658	-25.9548341796121	3.41586126784138	7.07313467437224	6.61898150045027	8.48841703368566	-3.65727340653087	
16000	-86.1616269948093	-61.1722656582171	-24.9893613365923	1.88186336703323	1.65411753734397	4.65703981026609	9.61606793978467	0.227745829689265	
16100	-86.9826136038983	-59.8996852673862	-27.0829283365121	1.72418347488814	2.16963853765456	6.37120365706806	9.71101106737956	-0.445455062766424	
16200	-86.1774455192698	-60.716523959908	-25.4609215593618	1.33566782971569	0.577533535340894	5.97792644641896	8.70266904483765	0.758134294374795	
16300	-85.9535264729458	-58.9519427388257	-27.0015837341201	4.8413494841782	3.13049964918001	4.70854892424841	11.3033737639173	1.71084983499819	
16400	-84.5919538508662	-60.6261539503597	-23.9657999005065	5.08856294139945	0.923978014236223	4.44150232390103	8.94711874250538	4.16458492716322	
16500	-86.7473876471232	-61.8114839631127	-24.9359036840105	2.86019326724387	4.33495573155405	5.05330628279199	9.17360728664539	-1.47476246431018	
16600	-85.5688730619454	-62.1810196519888	-23.3878534099565	3.46144202934853	1.76704209841965	4.15681321156745	8.73238890769176	1.69439993092888	
16700	-88.9206993571695	-60.9209864606752	-27.9997128964943	5.55765563693173	7.63652297822582	4.5637234368508	12.31070923025	-2.07886734129409	
16800	-87.8579364533136	-60.5601570663387	-27.2977793869749	6.79818316524573	4.8500542140956	5.64637841825907	10.6214948181271	1.94812895115013	
16900	-86.4287868427046	-59.0075328057502	-27.4212540369544	1.93139925295212	1.40313339963732	5.08884445700397	11.2857265112664	0.528265853314796	
17000	-90.3773911885061	-58.56080750015	-31.8165836883561	2.44414469531081	4.57984269675044	4.91358326707569	15.2591090545732	-2.13569800143963	
17100	-87.8536701569268	-60.0707262737922	-27.7829438831346	6.03779234994478	2.98855931809349	7.06550572469433	9.62161106767348	3.04923303185129	
17200	-88.9206421022089	-64.157620756342	-24.7630213458669	5.37541558804266	0.130761445818376	3.28509845986564	10.7924228791355	5.24465414222428	
17300	-87.8850551683578	-60.3761338860718	-27.5089212822861	5.44110845703356	1.02650783411982	7.78676177101743	8.66356479760475	4.41460062291375	
17400	-86.9473425931966	-59.1390466290959	-27.8082959641007	4.9412537955334	1.62513993991716	7.12981731776681	9.57920688262425	3.31611385561624	
17500	-85.1184000314599	-60.1329183524591	-24.9854816790008	5.43442349809878	1.31459858812569	4.37013537978356	9.89961985486775	4.11982490997309	
17600	-87.1486864569814	-62.9654375428425	-24.1832489141389	3.64610436068573	2.46016354844151	6.01151113986571	7.56501340761065	1.18594081224422	
17700	-86.9298917028395	-64.9963664843955	-21.933525218444	3.56464614464245	2.01256171954619	4.00953643658732	7.62294197885535	1.55208442509626	
17800	-85.984998853292	-63.2094844384234	-22.7755144148686	2.58847030649237	0.450673910470773	4.03381694929276	8.32624674413569	2.1377963960216	
17900	-85.2865675725093	-61.019921537497	-24.2666460350123	2.53439151378073	0.774841039294284	4.39971494145293	9.24887527816213	1.75955047448645	
18000	-84.9661884154073	-61.5818811270511	-23.3843072883562	4.54779609035425	1.31062804334043	4.24699606915538	8.63914175203286	3.23716804701383	
18100	-88.0443482615059	-58.6238834772461	-29.4204647842598	5.80967314935945	4.78784699845882	5.92612738983308	12.1760148032311	1.02182615090063	
18200	-86.2998734534526	-58.9842403891367	-27.3156330643159	2.93902396851875	3.31132629266186	5.1269115121716	11.1563895620613	-0.372302324143103	
18300	-85.2174866272242	-60.2209582510387	-24.9965283761856	5.91914879552745	0.85072766136555	5.76873642026049	8.51056455948606	5.0684211341619	
18400	-87.1019085750315	-64.5395714803855	-22.5623370946461	3.0148247086788	2.51543193435473	4.78833729151238	7.38751420483209	0.499392774324068	
18500	-85.9000112889954	-58.7050051571901	-27.1950061318053	3.0544193841172	2.70699592927294	5.31350905570735	10.8655550751112	0.347423454844257	
18600	-84.1479435429632	-59.0806346792194	-25.0673088637438	5.0224556571459	0.51055074358182	4.93336236808982	9.40710191509902	4.51190491356408	
18700	-84.6503376802264	-58.6917141034096	-25.9586235768167	3.7367412510673	1.35466404337613	5.13102259050657	9.97965046262584	2.38207720769117	
18800	-86.4165772545724	-61.3704781776878	-25.0460990768846	5.36834894841262	1.48534945290713	6.3656918265072	7.95644451526209	3.88299949550549	
18900	-87.1475163945555	-61.0843896386422	-26.0631267559133	7.09470997493439	3.27510126944808	5.11521663383183	10.0857603981833	3.81960870548631	
19000	-84.6890112424554	-59.546856939651	-25.1421543028044	4.771844289952	1.24990769973202	5.48284077068393	8.92229944874748	3.52193659021998	
19100	-85.7063467145367	-57.5200662401997	-28.186280474337	4.92680209152125	0.928642162269075	6.10076598596361	10.934884691492	3.99815992925218	
19200	-86.1238060513263	-60.6938047320254	-25.4300013193009	4.99538361631609	3.78760776095269	5.39457648463149	9.25930000410631	1.2077758553634	
19300	-84.4992745311032	-58.8303206245183	-25.6689539065849	3.73232166444608	1.13996075311853	5.17646720336352	9.68389457685157	2.59236091132755	
19400	-88.2371516241489	-57.8988026800603	-30.3383489440887	6.28366988688983	2.32546910798	6.62869297043954	12.2666173587761	3.95820077890982	
19500	-85.8353176890682	-60.3607598047611	-25.4745578843072	2.3170555236163	0.766875349598099	4.37292200635721	10.3194569962773	1.55018017401821	
19600	-85.6840092661036	-58.8431639932097	-26.840845272894	4.55861315292962	3.14094625800671	5.346171154469	10.5268531505692	1.41766689492291	
19700	-84.4530281473649	-60.6078820051272	-23.8451461422378	5.26693348611049	0.50729307424454	4.46866136585896	8.8156995762813	4.75964041186595	
19800	-86.1346511107	-58.4360970300137	-27.6985540806863	4.96811345756329	2.6954172652605	4.7677724834678	11.8464208341877	2.27269619230279	
19900	-88.2909624282061	-59.5949334395772	-28.6960289886288	4.05367358425907	4.76132267309176	4.21891460224588	13.2572233356743	-0.707649088832685	
20000	-87.6368017133309	-60.6079049884301	-27.0288967249008	6.53299012383171	5.03769158772947	5.21103379834977	10.8244907722085	1.49529853610224	
20100	-89.6332383945896	-62.3238104303668	-27.3094279642228	8.23563631785758	5.18273811400114	5.91079595854108	10.3671431235246	3.05289820385645	
20200	-85.2540657916253	-59.0720136033191	-26.1820521883062	3.54960940849311	2.26271958011957	5.43410647876163	9.86963718512311	1.28688982837354	
20300	-84.4606694447193	-59.2290331627796	-25.2316362819397	5.29738407885931	0.93243655204596	5.08152398426619	9.40093999530404	4.36494752681335	
20400	-84.5008905261399	-59.6865658510039	-24.814324675136	3.47981253244258	0.40943146372037	4.39315497345824	9.72869893803477	3.07038106872221	
20500	-86.9903822414321	-59.2097192170309	-27.7806630244012	5.65433301568306	3.5749278093298	4.64108494349357	12.0440608981273	2.07940520635327	
20600	-87.096810046256	-63.7189303468073	-23.3778796994487	6.66081073299326	1.85193786086338	4.17229545774472	8.7082881127692	4.80887287212988	
20700	-84.8465770995269	-58.8717685260265	-25.9748085735004	3.83032361815027	1.45612390866326	5.56810503179741	9.55655390780635	2.37419970948701	
20800	-85.5627894786388	-59.7924130500263	-25.7703764286125	1.84048711626134	0.763611604141165	5.12749689590719	9.82050678541168	1.07687551212018	
20900	-86.1207993739346	-63.4390148540325	-22.6817845199021	4.84278553560101	1.82318869358106	3.94698400103089	8.3320851951114	3.01959684201995	
21000	-85.3064036617414	-60.4089539959809	-24.8974496657605	4.70760186131768	2.35696136331363	4.35677482659531	9.83690960204444	2.35064049800406	
21100	-91.8853632634147	-58.0799100205124	-33.8054532429024	5.4569133317443	2.68644525591107	8.32073268672985	13.5705947597719	2.77046807583323	
21200	-85.3911334679494	-59.8619107428438	-25.5292227251056	6.12691320873522	1.67600873779329	4.90957889595602	9.83003745076462	4.45090447094193	
21300	-88.9569998981965	-60.6791146160335	-28.2778852821631	9.20702813122146	0.281220929844398	7.04929493606624	10.0655138943087	8.92580720137707	
21400	-84.3422787730937	-58.385210003058	-25.9570687700357	4.50349909415193	0.718862027077098	5.31874079309937	9.79058871010534	3.78463706707484	
21500	-84.7274468985243	-58.2912636382023	-26.436183260322	3.05593535142295	0.558039602676313	5.28634168702711	10.2370034010357	2.49789574874663	
21600	-85.1432230250595	-59.4098867080141	-25.7333363170455	5.33380469145528	2.18881967399092	5.08289972349603	9.83309661142744	3.14498501746436	
21700	-86.1031611426341	-58.6979361868893	-27.4052249557448	5.38485693117879	2.65676556699155	4.79193074681398	11.5687890656966	2.72809136418724	
21800	-85.870067204773	-61.4190933846974	-24.4509738200756	6.8576838013371	1.26176425177427	5.00059598271337	8.80727678269363	5.59591954956283	
21900	-85.9681561736526	-58.8726602802433	-27.0954958934093	2.47389748763568	2.07947289416743	5.22436392103855	10.8687107638664	0.394424593468248	
22000	-85.9610137568063	-58.4138010517114	-27.5472127050949	4.6492547464902	2.02566848680554	4.56695375527789	11.916461451093	2.62358625968466	
22100	-85.0149888734583	-61.0197464589635	-23.9952424144948	5.06475859017768	1.72861907011075	4.44673330203232	8.96732982445724	3.33613952006693	
22200	-85.9027486441587	-59.6553497827764	-26.2473988613823	2.81539479807294	2.36263229898931	4.62389064819154	10.7363208153959	0.452762499083629	
22300	-86.4294021950589	-61.6041415579029	-24.825260637156	5.74417411420769	3.85094887888236	5.05093128589515	9.08037268148951	1.89322523532534	
22400	-88.0787871154643	-57.4111226067071	-30.6676645087572	5.03198668755316	3.44431311512189	5.54648134211612	13.6333993327546	1.58767357243127	
22500	-84.8204482139848	-60.2916021206599	-24.5288460933248	3.21093162127114	0.0862361917662433	4.18574404187103	9.68942022777378	3.1246954295049	
22600	-85.3860780387383	-59.4378613332094	-25.9482167055289	4.20753845175453	3.01739072738392	4.88970243913655	10.2119777594901	1.19014772437061	
22700	-85.9020206265445	-60.5216019581644	-25.3804186683801	3.27713564432882	3.22511004129602	4.50823684508514	10.1027939551252	0.0520256030328063	
22800	-85.1963636159489	-59.7614707396433	-25.4348928763056	3.54596440751381	0.863803651502263	4.20242160122444	10.4556818121321	2.68216075601154	
22900	-88.9782494038184	-59.5376201958051	-29.4406292080133	4.82107598263495	7.81558007854791	5.60773397429448	12.5118328341025	-2.99450409591296	
23000	-86.4088027838326	-57.0182273770033	-29.3905754068293	3.10429868682944	0.0301522916723975	5.31368046283324	12.762633523552	3.07414639515704	
23100	-84.3851189972911	-60.5800915883364	-23.8050274089547	5.44954562165118	0.376300128029566	4.6779648718105	8.57172840495809	5.07324549362162	
23200	-86.1324332771021	-61.4858023379696	-24.6466309391325	5.55393523607678	2.70352294590147	5.56234760029775	8.41459768998652	2.85041229017531	
23300	-91.1506312653664	-59.747915596959	-31.4027156684074	4.13667797647692	2.55834531193422	9.13458570099038	10.6804722476493	1.5783326645427	
23400	-89.7425464926291	-65.2006674692159	-24.5418790234131	3.7658489767807	6.73002279983656	3.63557732157943	10.2508490498851	-2.96417382305586	
23500	-85.7548441972628	-57.3615814092887	-28.3932627879742	3.23218107061736	0.766695618311036	5.46230390022111	11.7522057042199	2.46548545230632	
23600	-85.1428994013879	-59.1977170652184	-25.9451823361695	5.59657997613498	1.79433060265901	5.32674409688052	9.77231402240909	3.80224937347597	
23700	-86.1885482305703	-58.5573512222447	-27.6311970083256	6.92623291326412	0.0594990110565909	6.3410965782271	10.214891700188	6.86673390220752	
23800	-86.115121380014	-62.7504060428846	-23.3647153371294	4.95036476453491	2.57798102297066	5.0102561931738	7.8589517014309	2.37238374156425	
23900	-87.3719773435651	-62.8091777514533	-24.5627995921118	0.7097489929413	0.345617026703525	4.62131656293359	9.28318782883912	0.364131966237775	
24000	-84.4622786480783	-60.3739461992718	-24.0883324488065	3.43915701449193	0.823438266144972	4.96077853540492	8.53372616774618	2.61571874834695	
24100	-86.8534684942811	-58.103461069456	-28.7500074248251	4.66357421990209	3.45400442989366	5.98429151909959	11.5384906224183	1.20956979000843	
24200	-87.0359206879873	-58.384823148414	-28.6510975395733	7.07448781073369	0.450025183761586	5.43733604840536	11.9999754283319	6.6244626269721	
24300	-89.2759958832594	-62.4067900909863	-26.8692057922731	8.79869245995111	3.06539880655883	6.37793149013606	9.51959989464126	5.73329365339228	
24400	-86.3942103009697	-62.377984183843	-24.0162261171267	4.12558477908648	4.12648268664079	4.55405049008851	8.87814521242149	-0.000897907554307409	
24500	-85.9902967028834	-60.7021495441005	-25.288147158783	2.1114501690147	0.665519697738905	6.22326380649184	8.30803272605158	1.4459304712758	
24600	-87.9614859778949	-61.9896440986718	-25.971841879223	3.13863011471652	2.11892020344557	3.68241425586466	11.439681084242	1.01970991127095	
24700	-85.7047589411974	-57.921195730385	-27.7835632108124	4.72439837105297	0.81937445173217	4.60814276343745	12.0795092064629	3.9050239193208	
24800	-84.7684319871792	-59.9379912498062	-24.830440737373	3.50956690892302	1.69655595751656	4.85542124865179	9.28035898122221	1.81301095140646	
24900	-86.9536556364247	-59.1481726004535	-27.8054830359712	4.50623646540292	4.81502822911544	5.73420375591677	10.9723897183987	-0.308791763712517	
25000	-86.5979663322219	-63.4577011573512	-23.1402651748707	1.34653433620655	0.400833628753293	4.66830000101191	8.00695453362755	0.945700707453252	
25100	-87.6550946405517	-57.7439395457557	-29.911155094796	3.17583628535546	0.87734921215279	7.25121418788631	11.2749465644567	2.29848707320267	
25200	-84.9220498136478	-60.2917825215172	-24.6302672921305	3.00342739954316	1.23456424879087	5.28436259884921	8.67844242846809	1.76886315075228	
25300	-86.2299044491076	-57.2402569961285	-28.9896474529791	2.82780927767702	0.400842058790754	5.75102184416328	11.978839624787	2.42696721888626	
25400	-85.1493699584207	-58.3229242460115	-26.8264457124092	2.99514084517681	1.172181359345	5.34605608211432	10.5145251793995	1.82295948583181	
25500	-89.650229109131	-60.8522331989457	-28.7979959101853	7.11549794139616	1.2406555827166	8.49510813929674	9.0691421298518	5.87484235867956	
25600	-84.3715580124076	-59.6784952764678	-24.6930627359398	5.72333865404404	0.296269281154405	5.11555599683498	8.90151224506303	5.42706937288964	
25700	-85.7103883124147	-61.4735318465551	-24.2368564658595	6.89653167106486	0.195775713453163	5.62787494930972	7.99497331061616	6.7007559576117	
25800	-84.8703252929002	-58.6424046478997	-26.2279206450006	5.57804965252332	0.444368072001357	5.88502870226812	9.45835111604288	5.13368158052196	
25900	-84.669526797759	-60.1347362984605	-24.5347904992985	6.24822596857599	0.00118426358504209	4.80145592830677	9.07884506077721	6.24704170499095	
26000	-88.0167264989347	-62.4263678022812	-25.5903586966535	5.8763955889856	0.460200792496931	7.4086994692364	7.38374609790958	5.41619479648867	
26100	-86.4475162490004	-57.0338224681335	-29.4136937808669	4.62423547940604	1.22227156689214	5.3297448475526	12.7665463412388	3.4019639125139	
26200	-87.1954134668908	-56.8999914385605	-30.2954220283302	5.10637459274106	1.2473030722159	5.59851495788035	13.2597010807342	3.85907152052517	
26300	-87.4666501351763	-63.0710897737565	-24.3955603614198	6.71833999151089	3.53802152289255	5.37049108866204	8.38949743204034	3.18031846861834	
26400	-84.7583206442449	-58.9436207332991	-25.8146999109459	5.285852150281	0.726875294147153	4.5940146947426	10.3922900875307	4.55897685613385	
26500	-85.0323528407451	-59.7217509259499	-25.3106019147952	3.60499353917591	2.19449568927111	4.76462357078281	9.7860767141658	1.4104978499048	
26600	-86.1131949798892	-60.7694333410325	-25.3437616388567	1.71581783493706	1.50200972720804	4.8749368931779	9.70441759202845	0.213808107729019	
26700	-92.2747292345824	-57.3082409087379	-34.9664883258445	4.07157499647043	5.60752967218114	6.03547171951805	16.8591370483603	-1.53595467571071	
26800	-85.1583946201073	-57.5865276060705	-27.5718670140368	3.65170494957171	0.206944819858204	6.08679091144887	10.4179287395648	3.4447601297135	
26900	-86.001540858124	-60.9258406390508	-25.0757002190733	2.20865732129938	1.8420778828132	5.68076116248567	8.66695431421726	0.366579438486188	
27000	-86.342256073373	-61.4760962727844	-24.8661598005886	6.97377980848499	2.02614072555853	5.1180196889357	9.04862633428752	4.94763908292646	
27100	-86.3625922939201	-63.1084379574192	-23.254154336501	6.37441795946755	0.984317751919757	4.1073794568104	8.66628973406955	5.39010020754779	
27200	-89.522659821674	-57.8568646979893	-31.6657951236848	5.20583458173745	4.16493107643155	4.90599659068112	15.1363953183147	1.0409035053059	
27300	-86.7885726262451	-58.5365015439377	-28.2520710823073	7.24785158805274	0.477133331967611	5.97388798819457	11.1186141049232	6.77071825608513	
27400	-86.0240192612349	-59.4408595981982	-26.5831596630367	3.81024351414568	3.50127533931108	5.64755006373462	10.0028012463565	0.3089681748346	
27500	-89.1337317213417	-63.3838502754265	-25.7498814459152	4.61622595392443	0.494827463610005	7.87836814677876	7.05192527442455	4.12139849031442	
27600	-84.4462925998647	-60.0187191488283	-24.4275734510363	5.05137944988631	0.236089174488466	4.29371805890997	9.49393382470339	4.81529027539785	
27700	-84.7202315948064	-59.4377234760025	-25.2825081188039	5.43707404356725	1.30873106498448	4.90802903875311	9.61839464923582	4.12834297858277	
27800	-85.8899158158544	-59.5017064175525	-26.3882093983019	2.42529116874836	2.3782602123375	5.35716049099874	10.124729105851	0.047030956410854	
27900	-86.4614608288435	-61.1804009291523	-25.2810598996912	4.22412617061012	4.82982560913833	4.95055228245047	9.57461996085226	-0.605699438528209	
28000	-85.3761808241758	-60.1280329732491	-25.2481478509267	2.85205044621877	2.08248749995427	5.30199959763859	9.19473246822349	0.769562946264497	
28100	-84.3223722600868	-61.3815457478281	-22.9408265122587	3.91425473686583	0.0733324590529314	4.45594172022839	8.04697255708493	3.8409222778129	
28200	-87.9852977570226	-59.4877713909275	-28.4975263660951	5.5755825184872	2.46703913280917	4.17925389163729	13.1253526461053	3.10854338567802	
28300	-87.9786843871304	-57.1464050510398	-30.8322793360906	3.71278811782874	2.60044982345598	5.42919184413341	13.8929368850052	1.11233829437276	
28400	-84.8226723832783	-59.0868398796033	-25.735832503675	2.93695252692602	0.933618341425341	5.48146016436231	9.43669319187507	2.00333418550068	
28500	-87.0881450282323	-57.3533029964268	-29.7348420318055	3.30561501601436	0.0678883974050173	7.0459015952104	11.327902346032	3.23772661860934	
28600	-86.1142791127804	-57.1494524376598	-28.9648266751206	3.09126050515376	0.483623015081417	5.65175075788584	12.0566624161995	2.60763749007234	
28700	-86.9619625070291	-58.8606645706648	-28.1012979363643	4.93922242732994	4.55528314070953	5.71115168865372	11.2510633155446	0.383939286620407	
28800	-84.5071739816452	-58.8109672136826	-25.6962067679626	4.20824370418019	1.24416515309541	4.85373848938917	10.0301732138007	2.96407855108479	
28900	-86.364433770853	-58.8118656123653	-27.5525681584877	3.97232530334689	2.69098356211735	4.4545494595689	12.0334935366384	1.28134174122954	
29000	-85.96397102139	-57.8731370512785	-28.0908339701115	4.71912024238803	2.36186640415518	5.11982164514784	11.8333511672656	2.35725383823285	
29100	-87.0512443176972	-58.3724114467519	-28.6788328709453	4.94249365687095	0.179042591100465	7.53314287268159	9.92813544219575	4.76345106577049	
29200	-85.4447782293028	-57.7707688508101	-27.6740093784927	4.96516447210409	0.71120651750071	6.17645315226701	10.4165304348546	4.25395795460338	
29300	-84.9088013995563	-60.3920885973736	-24.5167128021827	3.85787190099903	2.07062109760763	4.75974539533791	9.10493417444854	1.7872508033914	
29400	-87.0254873894933	-62.5346868583617	-24.4908005311317	4.41955834465377	5.07521237168284	4.97797869664219	8.86430938995659	-0.655654027029076	
29500	-84.3399356188139	-59.3708345211458	-24.9691010976681	5.65282562120161	0.218146246245038	5.2881557411195	8.96744459715887	5.43467937495658	
29600	-85.2943054703639	-63.1943358742541	-22.0999695961099	4.87635374838761	0.410932517463248	4.40167607768972	7.37463135516487	4.46542123092437	
29700	-87.0175618582903	-62.6869136358288	-24.3306482224615	4.81708429217063	4.64667269107131	5.12709757156272	8.57679864193528	0.170411601099321	
29800	-87.8679246463736	-59.3842050292566	-28.483719617117	7.22323685955531	1.72360327714877	7.00793911057126	10.2847366478502	5.49963358240654	
29900	-84.6854062701852	-58.0978688862369	-26.5875373839483	3.87079945137999	0.445556658467371	5.83435645985019	9.8197777554135	3.42524279291262	
30000	-85.922780560372	-62.8294657907306	-23.0933147696414	1.85112036227905	0.126443180868495	4.45350857178283	8.18117486790038	1.72467718141055	
30100	-86.4313012620031	-61.2029013610344	-25.2283999009687	7.32860862814165	0.634572130309511	6.1029405987968	8.37672673782549	6.69403649783214	
30200	-85.1423526588613	-62.0412351356599	-23.1011175232014	5.79645371601261	0.608191894514579	4.4064261399356	8.2349998668044	5.18826182149803	
30300	-86.6024631075243	-58.3151771184473	-28.2872859890771	3.22313425758578	0.694509201364685	7.03896846348953	10.0839637679721	2.5286250562211	
30400	-86.4675646384147	-57.7085973529742	-28.7589672854404	5.97205604355507	1.44305395349683	5.5927625548241	11.9377620407588	4.52900209005824	
30500	-85.4035143277316	-61.4386870300995	-23.9648272976321	2.81690857909895	1.79804183697151	4.85626368230742	8.53151693206496	1.01886674212744	
30600	-84.4220742502903	-60.992729077983	-23.4293451723073	4.30330107292436	0.616285874655564	4.37535779719774	8.54969845839992	3.68701519826879	
30700	-87.2290907365463	-59.1694457143121	-28.0596450222342	4.50747193231904	3.08054687376888	4.2369547286683	12.6892668836492	1.42692505855015	
30800	-92.2604751958667	-58.0281596762504	-34.2323155196163	2.01853390712016	3.93813486831086	7.31677501561654	14.9434154870662	-1.9196009611907	
30900	-85.8565048366326	-60.8456862609809	-25.0108185756517	3.07596198819853	3.21992903869422	4.71693202463512	9.57471749686852	-0.143967050495693	
31000	-86.5315380599591	-61.2871804000086	-25.2443576599506	6.10417250705608	3.39364840494646	5.50142585352597	8.99203100742056	2.71052410210962	
31100	-86.0225323791906	-56.7858213457906	-29.2367110333999	4.01132868441097	0.004807229472231	5.27748587384422	12.6658698116637	4.00652145493874	
31200	-86.9098045013208	-57.3093056012381	-29.6004989000827	3.81339962199606	1.98859797479408	5.15586685674798	13.101847608222	1.82480164720198	
31300	-85.9069210288623	-59.2131015115468	-26.6938195173155	4.74832797817611	0.134552126603108	4.05529232888085	11.6906831070057	4.613775851573	
31400	-85.1060752119462	-58.3599915356866	-26.7460836762596	3.28869237027787	1.39165730370032	5.51208894752499	10.2790493393525	1.89703506657755	
31500	-87.75760765292	-59.38256992873	-28.3750377241901	2.80749704294182	4.85812593097044	6.11423142050926	11.0845294211733	-2.05062888802862	
31600	-84.9688050190585	-57.7942295534434	-27.1745754656152	4.69012114057593	1.00005676891478	5.08740221296039	11.0740072353485	3.69006437166115	
31700	-88.1309488368577	-60.253701391531	-27.8772474453267	3.29273119174219	3.08513915553512	7.32730539894265	9.4413016118317	0.207592036207071	
31800	-85.2014255969364	-60.3105837951274	-24.890841801809	5.08044131494783	2.52112951982589	4.8676532121056	9.32032118539541	2.55931179512194	
31900	-85.2241808516657	-58.3961000580897	-26.828080793576	6.30327539913081	0.211842154765595	5.29918722884332	10.5628069498318	6.09143324436522	
32000	-85.9277849515669	-59.7445709105511	-26.1832140410158	2.02012197884075	1.41693750241948	5.90097958973211	9.40376806200698	0.603184476421266	
32100	-86.5620648201198	-57.0615090403421	-29.5005557797776	4.58417999021434	0.300416305342782	4.90016975353074	13.2711812007449	4.28376368487156	
32200	-86.7316861949083	-57.138366187642	-29.5933200072663	5.0922935416577	1.57806564276861	5.53167722124208	12.7198337713464	3.51422789888909	
32300	-87.2893130449603	-62.3398158608655	-24.9494971840948	1.14621443977855	2.54204482384203	5.40013578191002	8.83852429280273	-1.39583038406348	
32400	-84.8801276435517	-60.8612082314609	-24.0189194120908	4.24121550355382	1.61136906748461	4.34582190314841	9.08870114723436	2.62984643606921	
32500	-85.5606765416532	-60.605894840824	-24.9547817008291	3.95810637926958	3.22894171966063	5.03347547800814	9.20975108828611	0.729164659608951	
32600	-86.1210845013237	-60.8999466613474	-25.2211378399762	6.11478486867897	1.26574666783391	4.18992092513081	10.2834710712752	4.84903820084506	
32700	-84.9540388273915	-59.9455591139913	-25.0084797134003	6.24409114172407	0.68571564430194	5.31014250620802	8.97948594216473	5.55837549742213	
32800	-84.7509264871246	-58.5838350719145	-26.1670914152101	5.12446107038953	0.243533533850592	4.53320533462402	10.7576103269796	4.88092753653894	
32900	-85.2004609520382	-59.484386356031	-25.7160745960073	3.08659083371707	1.66806676346632	4.65054661041659	10.2505334118589	1.41852407025075	
33000	-87.8383508421532	-59.8548387272404	-27.9835121149128	2.36234759051628	4.86521517081009	4.89389867830624	11.9665344621728	-2.50286758029381	
33100	-85.5813564949908	-60.4891736133077	-25.0921828816832	2.9418483895836	2.54296169461859	5.23269209621076	9.12926648801408	0.398886694965004	
33200	-85.724515163702	-57.9779021839808	-27.7466129797212	5.15542619324945	0.427592677677143	4.59628778515917	12.0594345064576	4.72783351557231	
33300	-86.7608812460233	-63.694689109119	-23.0661921369044	5.93338031483539	1.42443908689721	3.86230742378694	8.74893862695649	4.50894122793818	
33400	-85.5274334737431	-62.8433504001466	-22.6840830735965	5.4556675565084	0.670807614604104	4.95419592369881	7.32685951387725	4.7848599419043	
33500	-85.3745741524829	-62.4936602813796	-22.8809138711032	4.75624677886911	1.48727593090562	4.69935169170213	7.7517904775425	3.26897084796349	
33600	-86.5955591193804	-62.1956891647911	-24.3998699545894	2.13784098463408	0.83768198421048	6.15515215328497	7.60856040159456	1.3001590004236	
33700	-86.3948869129607	-61.5248118393369	-24.8700750736238	2.18924084840067	1.21552839255137	4.19612026383702	9.97390905103862	0.973712455849299	
33800	-85.9347023396199	-62.6191913008554	-23.3155110387645	4.16889182362981	0.984233535507787	3.73047015845378	9.09621899213857	3.18465828812202	
33900	-84.5029450791795	-58.8368867370247	-25.6660583421548	4.49505816284842	1.0956179063377	4.72985234979142	10.128007296121	3.39944025651073	
34000	-85.5250120144646	-58.0487144503192	-27.4762975641453	4.56286725193537	2.20355529958205	5.18255635846008	11.2395791868887	2.35931195235332	
34100	-85.4911902249218	-60.4459707947733	-25.0452194301485	4.30129280708455	2.46094086518688	4.25220589276005	10.0691703228488	1.84035194189767	
34200	-85.2366863545355	-61.4671826302694	-23.7695037242662	4.26403307284885	1.68812155877994	4.13470801787053	9.08428829733498	2.5759115140689	
34300	-85.1694325549255	-58.4878780770368	-26.6815544778888	5.2075539871464	0.502206395232957	6.22946818342034	9.50590870540805	4.70534759191344	
34400	-85.9000659670561	-59.3476833184419	-26.5523826486142	4.28718419350959	3.739770714512	4.84579706710365	10.7779590055554	0.547413478997587	
34500	-86.450780122632	-60.2534959896499	-26.1972841329822	3.65306082576238	0.875401958675962	3.88576145988491	11.4311445328615	2.77765886708642	
34600	-86.3715967854728	-59.6235771296434	-26.7480196558295	6.06487541996218	0.710163981040846	6.85444569314432	8.93836552521429	5.35471143892133	
34700	-88.023458262827	-57.7932640972785	-30.2301941655485	4.49926690502367	3.11169270580458	4.75011304422815	14.0517378618217	1.3875741992191	
34800	-84.6776580311224	-58.6190131838831	-26.0586448472393	5.45237991797082	0.610008432211448	4.83952348080066	10.357580614623	4.84237148575937	
34900	-85.2462837377133	-57.9468660265865	-27.2994177111267	3.3675813216371	0.347984270976763	6.19164986681727	10.0776390890799	3.01959705066034	
35000	-86.8944245199087	-61.8218884389007	-25.072536081008	7.2868029454378	2.13054256435307	5.64715597458717	8.69782528618566	5.15626038108473	
35100	-85.5163229119346	-63.171387570801	-22.3449353411337	2.98418118922315	0.299676669908781	4.72320760862504	7.26478124537721	2.68450451931437	
35200	-86.3066096039125	-61.1747319340554	-25.1318776698571	5.60805337574608	3.99176002092836	4.85969783674528	9.53656207059726	1.61629335481772	
35300	-87.3214944234288	-59.5788210205386	-27.7426734028902	0.589017649891744	0.0197908483986744	6.65930431156021	9.99301368684723	0.56922680149307	
35400	-86.0472066091094	-61.8534624111182	-24.1937441979911	5.8285145142702	1.35660569261936	5.7989201991034	7.78667360252916	4.47190882165083	
35500	-85.2794224966634	-58.4477258750935	-26.8316966215699	4.55014470195123	0.831531796922814	6.26869023690534	9.59642847499094	3.71861290502841	
35600	-85.1266921018719	-59.8972234789293	-25.2294686229426	6.06693856489188	1.28269990827711	5.32623947557595	9.15435137215286	4.78423865661477	
35700	-85.330177570256	-57.9839401594502	-27.3462374108058	4.61501082709334	1.04588369684471	6.08047558047411	10.229271524234	3.56912713024863	
35800	-85.1781505905342	-60.6755223250189	-24.5026282655152	4.35531597746261	2.56778228407903	4.60982402024393	9.24268472648441	1.78753369338358	
35900	-86.4421115751754	-58.8417440146484	-27.600367560527	2.54402413336835	2.85512804830624	5.29638671974254	11.2329610121644	-0.311103914937885	
36000	-89.7117451932466	-59.4482254991601	-30.2635196940865	1.33036391272866	3.79178327197032	7.22066875855972	11.6099796238097	-2.46141935924166	
36100	-86.276493681418	-59.74804141002	-26.5284522713981	4.05987423307919	4.14065756989466	4.58931608969879	11.0137611069924	-0.0807833368154753	
36200	-88.3322400747145	-57.6279133324616	-30.7043267422529	3.38697185112439	3.85118948450135	5.3850872622018	13.826474224564	-0.464217633376965	
36300	-88.112100014255	-57.9164638691505	-30.1956361451046	6.82957036116817	1.44843765612869	6.46698904229861	12.3049993583675	5.38113270503948	
36400	-86.9659850517967	-60.0929801842884	-26.8730048675083	1.6634988931594	1.51832535010008	4.69919630658415	11.2016179602335	0.145173543059318	
36500	-88.7489769211007	-66.161238461332	-22.5877384597687	7.58015210436382	1.72439455674784	4.34306076175135	7.85474073036789	5.85575754761598	
36600	-85.3582280229746	-61.5179008569576	-23.840327166017	4.98095521632307	2.17938800962465	4.95496152882998	8.32523520767904	2.80156720669842	
36700	-86.9677446817239	-59.7216298935121	-27.2461147882118	6.10589567966484	4.20323282634662	5.58416402974699	10.6390644515607	1.90266285331822	
36800	-87.2919728045166	-62.8102044439966	-24.48176836052	1.91047975722425	2.36551616728129	4.193965720074	9.6405174274671	-0.455036410057037	
36900	-84.1262771261327	-60.4574943689263	-23.6687827572064	4.4971322982917	0.400371584894042	4.70604250260231	8.42591814382217	4.09676071339766	
37000	-85.2203734243622	-59.013116712522	-26.2072567118402	4.47502743381732	2.19494575090529	5.59724056703572	9.72828299656726	2.28008168291202	
37100	-84.2742441780775	-59.8730868174681	-24.4011573606094	2.9393703087578	0.110710271781404	4.87559985491981	8.88922518177174	2.8286600369764	
37200	-85.1013058545372	-59.4968711102062	-25.604434744331	4.01955308088758	1.94134941868661	5.60104568774414	9.2035633668977	2.07820366220097	
37300	-85.9942120496874	-63.0646992093892	-22.9295128402982	2.41439422430746	1.22953719305051	4.68582381058086	7.80731402162678	1.18485703125694	
37400	-84.4369233490882	-58.8130468444732	-25.6238765046149	3.75578078603097	0.833423742240388	4.75342439749812	10.0679847997355	2.92235704379058	
37500	-87.3831453925901	-59.2635206045852	-28.1196247880049	6.94093981919535	0.297687149925064	7.3667956670427	9.61125605751045	6.64325266927029	
37600	-88.5387858674658	-63.5443221046728	-24.994463762793	8.94966686771907	1.211780110987	5.68267992051852	8.59483697183646	7.73788675673208	
37700	-85.6932586124325	-59.2501666722048	-26.4430919402277	6.21212871117793	1.35316618796615	5.96176514873815	9.56754991353705	4.85896252321178	
37800	-88.2186100914346	-61.2260250052263	-26.9925850862083	6.37660635797032	4.44840484220358	6.5480810860784	9.456065630887	1.92820151576674	
37900	-87.7047816237552	-63.5793404999544	-24.1254411238008	7.68659545503282	2.02251391406925	4.72973655799006	8.79683473903901	5.66408154096356	
38000	-86.1348447316133	-58.0823925263379	-28.0524522052754	6.19652430688687	0.768199831565749	6.26860879554015	10.6513973121739	5.42832447532112	
38100	-87.7131782150857	-56.7726610236193	-30.9405171914664	5.6923027003529	0.309972687011491	6.01895525824812	13.3967046829614	5.38233001334141	
38200	-88.7366619307165	-58.5253275001844	-30.2113344305321	6.20718094824157	3.2944406468031	7.02070910280172	11.7648446041833	2.91274030143847	
38300	-91.6027759213936	-60.1000635757384	-31.5027123456552	7.68713519513882	1.70744180524899	9.15501581254949	10.7464519267644	5.97969338988984	
38400	-87.6521433705494	-64.1025403468423	-23.549603023707	7.19064504677705	2.55700904023079	4.61642612127189	8.41254814492754	4.63363600654626	
38500	-84.8940396915474	-58.2472708654568	-26.6467688260906	3.78586569872029	0.828096851093601	4.7192769360875	10.9860407450444	2.95776884762669	
38600	-85.4989197706122	-60.6068796098798	-24.8920401607324	5.9012955326932	2.26791035538362	5.0054800597166	9.18352987162984	3.63338517730957	
38700	-85.2122282039255	-61.3390902354253	-23.8731379685002	6.16989039421357	0.852090062891971	4.59587935247992	8.71267007186293	5.3178003313216	
38800	-87.792507015719	-61.0529398097576	-26.7395672059614	6.39593467510961	4.29982204068629	6.27399149869171	9.51151573273569	2.09611263442332	
38900	-86.8743368437183	-58.6891897675654	-28.1851470761529	4.95977502710842	1.86262890309272	6.94601843372521	10.088652844189	3.0971461240157	
39000	-85.3012803760738	-61.0069883639482	-24.2942920121256	6.58350515716053	0.670009319057595	5.10993412375984	8.56254572060175	5.91349583810294	
39100	-86.51490569054	-58.934783453793	-27.580122236747	4.85580734281145	3.63029558988465	4.6448665704259	11.8669866382818	1.2255117529268	
39200	-85.3054081406718	-59.165835985282	-26.1395721553897	3.53517979920186	1.71780629860414	4.50699768896748	10.7600378476757	1.81737350059771	
39300	-85.1131658422486	-59.0042627491667	-26.1089030930819	5.50102342224024	1.75017005452709	5.35955150571254	9.88098207779444	3.75085336771314	
39400	-86.4789313117307	-60.4788118105169	-26.0001195012138	5.7031884633591	2.12331048757015	6.40460156608906	8.74192921991676	3.57987797578895	
39500	-84.9416928597464	-57.9091356956006	-27.0325571641458	3.76823309181533	1.06711785230609	5.49724825081949	10.5414394027296	2.70111523950925	
39600	-87.8762126427202	-62.3740003432339	-25.5022122994863	1.88207901852481	1.76653272085069	6.81605664437239	7.90021927456587	0.115546297674118	
39700	-87.5812809978925	-58.7336077160827	-28.8476732818098	3.2320319425901	5.04595068361787	5.49875319080029	12.1084246175571	-1.81391874102777	
39800	-86.9513777165496	-56.7172660906486	-30.234111625901	5.11501012298935	0.489188605772238	5.75895698211689	13.0462791057046	4.62582151721711	
39900	-86.5670340686061	-59.523170209929	-27.0438638586771	6.86207367967539	2.07550452478053	5.92949668580268	10.1189613834697	4.78656915489486	
40000	-87.7561658940934	-58.6509592149807	-29.1052066791127	1.51718892926625	0.522174731215369	7.20738813799408	10.6223311343904	0.995014198050885	
40100	-85.1560405064387	-61.2604582286704	-23.8955822777683	3.25772687631003	1.76526660021218	4.55068538507049	8.77725876436784	1.49246027609786	
40200	-85.7588097230652	-60.4506322458782	-25.308177477187	3.28389547370649	2.16949072588058	5.84076786140513	8.70783740246884	1.11440474782591	
40300	-85.1989421294046	-60.7464290837489	-24.4525130456558	5.52771245756843	1.04008700777022	4.23010121943963	9.57910163176462	4.48762544979821	
40400	-88.8805362081501	-57.3454882931057	-31.5350479150444	3.99977773589738	0.596080370394606	4.60879216884796	15.3206175967327	3.40369736550278	
40500	-88.7984778558015	-58.9555207792964	-29.8429570765051	0.496101808513473	0.896667231192719	6.47206520248738	11.9951638268515	-0.400565422679247	
40600	-88.1350352960199	-60.8288303778921	-27.3062049181279	3.65359498026125	1.00754342120318	3.67820357677129	12.5969503853678	2.64605155905807	
40700	-85.8122757953704	-61.9505153845026	-23.8617604108677	2.42450294155903	1.86501167094512	4.69843020971467	8.60028756421275	0.559491270613908	
40800	-84.2104172084937	-59.2744814826279	-24.9359357258659	3.96270677376263	0.215357994513493	4.45301599178065	9.77392526587687	3.74734877924914	
40900	-87.4953212943295	-61.3345538905471	-26.1607674037825	5.31079506896161	0.724087560867797	7.40497201175031	7.88037890323653	4.58670750809381	
41000	-87.6892531248675	-59.9627978905494	-27.7264552343181	4.09743098845981	5.29791444927277	4.31813302293022	12.320170424294	-1.20048346081296	
41100	-86.2805081062078	-60.1097685786522	-26.1707395275556	5.59615108721233	3.14746604379443	5.87937918567632	9.41458890691615	2.4486850434179	
41200	-85.5479626826214	-58.9127095215114	-26.63525316111	4.43177713475846	2.71998329242514	4.71811646787983	10.9772502206008	1.71179384233332	
41300	-84.4573230991795	-58.0300085264913	-26.4273145726882	4.54282305740095	0.580293924229313	5.0121779407521	10.5035034782461	3.96252913317164	
41400	-89.6175305862353	-58.1189585591498	-31.4985720270855	5.31642155883559	6.03972165999757	5.8521180318815	14.045771947943	-0.723300101161986	
41500	-89.0105040948138	-58.1366708219166	-30.8738332728972	5.77920308640502	4.95716170562254	6.00290239026372	13.3551342018156	0.822041380782476	
41600	-89.0778166110086	-62.0000968526803	-27.0777197583283	4.72150719097159	3.83240217730226	3.61149412725654	12.4662197261325	0.889105013669333	
41700	-85.2745874217254	-58.7075096839017	-26.5670777378238	4.87036727530607	1.46750179896308	4.54815970530336	11.088294785118	3.40286547634298	
41800	-87.8753156380138	-64.5186471044204	-23.3566685335934	3.21464124297448	3.67696763793183	3.76558054337811	9.09667389408901	-0.462326394957355	
41900	-84.9058108168832	-58.3250164005128	-26.5807944163705	3.39849520778559	0.222051421498787	4.62320836476584	11.0250990727193	3.1764437862868	
42000	-85.4972751929621	-60.4605074666011	-25.036767726361	4.65081862710691	3.2404384583625	4.84649894113254	9.46757393225312	1.41038016874441	
42100	-84.0729424481243	-59.5672985372036	-24.5056439109207	3.88723928785227	0.311334830095898	4.57353921054465	9.28157543565362	3.57590445775637	
42200	-89.2154902876893	-65.7609187243325	-23.4545715633568	8.25374446647517	1.05509512204854	5.95455883123514	6.99229622038297	7.19864934442663	
42300	-85.458811962046	-62.9916118427762	-22.4672001192698	3.43701371994145	0.338967623336334	3.95849429379751	8.13514680962294	3.09804609660511	
42400	-85.3990191173141	-58.2925973933836	-27.1064217239305	3.83286227633901	0.0519051294232717	4.38466866739628	11.7178473185024	3.78095714691574	
42500	-88.8231148395161	-57.8568050651298	-30.9663097743863	5.65950242032953	2.3601920801756	4.80603302299578	14.6319149757012	3.29931034015393	
42600	-86.9503790746932	-62.6643343750458	-24.2860446996474	5.02639596279435	3.24291777718635	3.84038781241116	9.82496530969843	1.783478185608	
42700	-85.8300855411686	-58.0098734042535	-27.820212136915	3.39248182180994	0.622153937203716	4.62694887497064	12.0923724075521	2.77032788460622	
42800	-85.313580478684	-61.2490992255582	-24.0644812531258	1.85715675515779	0.195935514437128	5.10229878343244	8.37159546662338	1.66122124072066	
42900	-85.1484837021004	-59.4768367422394	-25.671646959861	2.31778308445313	0.465182395039033	4.81046940369134	10.0522195155474	1.85260068941409	
43000	-84.5452768851916	-59.7609370744784	-24.7843398107132	5.04425577191911	1.29889549376266	5.02477602922891	9.07116716273345	3.74536027815645	
43100	-85.1245170459961	-58.7810760049993	-26.3434410409967	3.7568155683232	1.74731505880309	5.6786516791356	9.76455238845415	2.00950050952011	
43200	-85.402025135185	-59.1320570910225	-26.2699680441626	4.23397136923201	2.93633784089061	4.95856422448133	10.4211498707275	1.2976335283414	
43300	-87.2339122168103	-58.1292705090029	-29.1046417078074	5.33097172084921	3.76449566645725	5.22536878689726	12.603862278743	1.56647605439196	
43400	-87.5110464133616	-59.1553113535305	-28.3557350598312	3.11573948872932	2.0806189611013	7.23722116701838	9.94485972856387	1.03512052762801	
43500	-84.6715544067747	-59.8949494862005	-24.7766049205742	6.01267132979162	0.482583375794906	5.21487171465133	8.87438755284279	5.53008795399671	
43600	-84.1005050671178	-59.5457514952787	-24.5547535718391	5.30453180965311	0.190838337091822	4.80695074989062	9.0906008615832	5.11369347256129	
43700	-86.1100629231278	-61.8877549768143	-24.2223079463135	6.69877131864153	0.219913608541805	5.97756412468453	7.63271237222693	6.47885771009973	
43800	-86.9674315346596	-65.5367949012661	-21.4306366333935	5.30465434932806	0.412106465866696	4.68348730408189	6.5144316983617	4.89254788346136	
43900	-85.3386496473767	-61.4637298097993	-23.8749198375773	4.06818846777357	2.4864941594732	4.72891519154955	8.58117399329535	1.58169430830037	
44000	-84.5975475508385	-58.9962601880728	-25.6012873627657	4.25262991410024	1.44142530314447	4.78300191258614	10.0188874058633	2.81120461095577	
44100	-85.7009683203414	-60.1760089524285	-25.5249593679129	1.6389386200001	0.644782661313098	5.08003924187806	9.65589302440389	0.994155958687006	
44200	-85.7510371140832	-61.7889154722642	-23.962121641819	2.35328958997228	1.75392151655806	4.83358807146151	8.55185451369948	0.599368073414215	
44300	-85.8777737775461	-59.2581395077397	-26.6196342698064	2.3440410669548	1.78427125248881	5.819810747463	9.86205924127466	0.559769814465991	
44400	-87.7496996379244	-65.2630710609139	-22.4866285770105	3.88386089516528	3.63646504547624	3.86112915381391	8.24930059711664	0.247395849689045	
44500	-85.2659807631144	-59.8666558464869	-25.3993249166275	6.22605130613125	0.330568473638873	5.99463238899198	8.63273580360442	5.89548283249238	
44600	-86.6735585711834	-60.2751918230964	-26.398366748087	5.10443198565669	3.28581027765004	4.16836729349171	11.3222995396911	1.81862170800665	
44700	-87.6203751565035	-58.179803634338	-29.4405715221655	6.11083729729332	2.99911748463465	6.21818865282994	11.9013283076904	3.11171981265867	
44800	-85.6643218936028	-57.602335610828	-28.0619862827748	5.84112377999075	0.270224778594542	5.25033351226312	11.6779112456109	5.57089900139621	
44900	-87.2165033829594	-58.8070487445455	-28.4094546384139	4.12187133379005	4.95195689532729	4.9033629121871	12.3251385012384	-0.830085561537235	
45000	-88.1459965685576	-59.9729713247844	-28.1730252437733	4.69268341154135	3.41016298936857	3.98416023451437	13.0400362453631	1.28252042217278	
45100	-86.8782279233533	-61.4922322051527	-25.3859957182005	3.7807164799767	5.34453674065126	5.01974149147582	9.59610858594283	-1.56382026067456	
45200	-85.659758424873	-58.019223084553	-27.6405353403201	4.1275067480626	1.91677113683717	4.85557332082254	11.708484458851	2.21073561122543	
45300	-84.3458673300823	-60.5116715484914	-23.8341957815909	4.49453281866111	0.519350342599768	4.33224755764541	8.94265088636644	3.97518247606135	
45400	-84.6244708875428	-61.015216413109	-23.6092544744338	4.90558987877988	0.509310275463481	5.19853570807327	7.88198496459268	4.3962796033164	
45500	-87.6005461112565	-64.5137183623443	-23.0868277489122	2.1734920640131	3.16814940810027	4.70135656959911	7.92772126279056	-0.994657344087162	
45600	-85.836907606604	-57.5184742408044	-28.3184333657996	3.42875416927315	1.11617046562778	5.96178347507094	11.1880640337451	2.31258370364537	
45700	-84.4692697747541	-58.4546445465226	-26.0146252282314	4.52867143017896	0.790307804329228	5.50988361920763	9.64918195164978	3.73836362584973	
45800	-86.2932771947086	-62.2500112444264	-24.0432659502822	7.5104716389785	0.252912595549692	5.39763437124503	8.05792717088229	7.25755904342881	
45900	-85.8167873592314	-62.8821939400399	-22.9345934191915	3.06844796125121	0.144096401838492	5.46205088409197	7.03547721157997	2.92435155941272	
46000	-85.86028315389	-58.3305160394821	-27.5297671144079	5.99107566360659	0.146921932844538	4.70984775392872	11.7584922531362	5.84415373076206	
46100	-84.4081799450417	-58.9388605274059	-25.4693194176359	5.79427204165883	0.156190368199628	5.09562116355237	9.59223114058591	5.6380816734592	
46200	-85.2799724468798	-59.4302053587688	-25.849767088111	3.67717137722023	1.36673823775901	6.01689186349113	8.99971540004231	2.31043313946123	
46300	-85.9583210761887	-60.6652228970547	-25.2930981791339	1.58978599285432	0.654261670222599	5.90100560855654	8.63456923246599	0.935524322631718	
46400	-84.5360246153809	-60.7891359461274	-23.7468886692535	2.81345740031726	0.151298051552754	4.66800772963625	8.53144631453074	2.66215934876451	
46500	-85.957983019288	-58.6001535935156	-27.3578294257724	5.93547168258853	1.88672213503914	5.91135681124006	10.4084072621747	4.04874954754939	
46600	-85.0427447010136	-60.0348786675503	-25.0078660334632	4.72904256150402	0.674272520320397	4.10406114586231	10.185037005341	4.05477004118362	
46700	-84.6413953579915	-61.2345705216098	-23.4068248363817	4.51171912091128	1.06807999932962	4.48852231406209	8.41707351978152	3.44363912158166	
46800	-85.4676579640907	-60.0936882089417	-25.3739697551491	3.89612293731146	3.08116146517741	5.15748633613412	9.44797178648628	0.814961472134055	
46900	-87.7925084858933	-66.6724969810015	-21.1200115048918	2.29514635239072	0.0893602954764852	4.4348827249517	6.49461683525919	2.20578605691423	
47000	-88.409185543258	-62.6808731490593	-25.7283123941987	8.01465208338298	0.890315905360598	4.48146600328919	10.4301890261679	7.12433617802239	
47100	-88.4926802719268	-59.148685198214	-29.3439950737128	6.97553210820728	2.56836013324382	4.98337937199113	13.0526833086017	4.40717197496346	
47200	-88.8264546948001	-64.037983831304	-24.7884708634961	2.63494741242654	5.50506361838607	5.72358297655892	8.37592996807984	-2.87011620595953	
47300	-85.7685228986802	-60.3328627541204	-25.4356601445598	3.20087183337934	3.11024352520881	4.64908759558175	10.0096788346975	0.0906283081705261	
47400	-84.8111690868593	-61.2735911960578	-23.5375778908015	3.22838133272059	0.967746331969369	4.57799706358065	8.44058596517175	2.26063500075122	
47500	-86.0956397904985	-62.9580030880757	-23.1376367024228	5.95489677811317	1.19995798604386	4.06965281657477	8.60333038505382	4.75493879206931	
47600	-86.9543061579539	-64.0625092925072	-22.8917968654467	5.87044297322906	1.91701554538859	5.21027297718984	7.25027347716718	3.95342742784047	
47700	-86.5875045543817	-57.2905861262817	-29.2969184281	4.48210090237014	1.98480811048476	5.24629338464302	12.7490891133177	2.49729279188537	
47800	-89.1383214433593	-61.9818842213567	-27.1564372220026	3.42452690632739	6.359684158435	3.91995596682255	12.2257797423492	-2.93515725210761	
47900	-84.8358075991013	-59.3912703716829	-25.4445372274183	5.43226527211912	1.48071768382387	5.23801462917191	9.42842272470921	3.95154758829525	
48000	-86.3971483638626	-60.7880281626274	-25.6091202012352	5.90438859142638	3.60681805605246	5.45329583954599	9.35536204313144	2.29757053537393	
48100	-84.4458092271994	-58.9064071465704	-25.539402080629	5.49570227345727	0.109176862371992	4.6782933055104	10.0701192932877	5.38652541108528	
48200	-86.2792177186479	-59.6254923681153	-26.6537253505326	5.05962913552024	3.97409866875214	5.56552714604486	10.1458018530368	1.08553046676809	
48300	-84.9623362889729	-57.7124845894735	-27.2498516994994	5.27414764115862	0.387947355249803	5.72776662471306	10.498691021113	4.88620028590882	
48400	-86.382094085609	-59.7296832117759	-26.6524108738331	6.12123675806173	2.44125741146682	6.14249166992095	9.56770145485393	3.67997934659491	
48500	-88.5513169102129	-67.736643875037	-20.8146730351759	5.39767421853072	1.34349292298602	4.15103815152843	6.51461030903488	4.0541812955447	
48600	-85.2489798139717	-59.7137600636024	-25.5352197503693	4.72367942404277	0.335216846635472	4.06235406064962	10.6824444752394	4.3884625774073	
48700	-86.9636749387843	-58.6684604350983	-28.295214503686	1.2533538586115	0.267295724859554	6.4364406625421	10.6933428094464	0.98605813375195	
48800	-84.0237140775584	-59.7479526164597	-24.2757614610987	3.54225309171058	0.0373462269472888	5.12116154475671	8.53530555718794	3.50490686476329	
48900	-84.8469754871175	-59.2410420423935	-25.605933444724	5.03259078295626	0.124857733810227	6.1428371705727	8.66306695097342	4.90773304914604	
49000	-85.2457929844309	-61.4817952237873	-23.7639977606436	6.46864000313259	0.292533718367945	5.18654250243281	8.02769596304029	6.17610628476465	
49100	-85.8143655355004	-59.8710807626238	-25.9432847728765	4.78389979411192	2.88439845511867	5.78082310577457	9.31659527856141	1.89950133899325	
49200	-86.2924827081779	-60.091237215723	-26.2012454924548	4.74566683477066	1.08066425813185	3.92333534063373	11.3969937682825	3.66500257663881	
49300	-90.2435579914072	-61.3894547612001	-28.8541032302071	4.2609782602983	10.2119199962745	5.77283786709022	11.8398962308395	-5.95094173597624	
49400	-84.4545034538439	-59.0178834900107	-25.4366199638333	5.37097286736868	0.798415211813431	5.08034735295524	9.57924848270818	4.57255765555525	
49500	-88.1372934134696	-60.2985684495882	-27.8387249638814	3.54817622179441	3.8740579519962	7.08111860143554	9.65420010767161	-0.32588173020179	
49600	-85.7521797026387	-58.2772796047299	-27.4749000979088	4.6064434626726	2.74077705186037	5.12172528432284	11.2992026732511	1.86566641081223	
49700	-87.0149375108423	-64.4028169103717	-22.6121206004706	5.05127026072047	0.433926947096456	5.64626587444518	6.57260487449571	4.61734331362402	
49800	-86.0132794920576	-58.4673933682733	-27.5458861237843	2.51360182579332	0.74426976652639	6.43313712399986	10.0491317481476	1.76933205926693	
49900	-86.7737666479349	-59.47635204261	-27.2974146053249	3.56067660801388	1.33076506279586	7.10655819793765	9.16099982091441	2.22991154521802	
50000	-86.0064063475151	-60.3350611929935	-25.6713451545216	3.51084622716256	0.339708531593811	3.89704572066267	10.9653824005484	3.17113769556875	
50100	-85.9479016382812	-61.073684347341	-24.8742172909402	4.38206242468483	3.8785954363103	4.97132310649913	9.20228560862347	0.50346698837453	
50200	-86.5478584647381	-62.6164881303001	-23.931370334438	5.91776394912698	3.38609834745703	4.66762195673373	8.69124760513409	2.53166560166995	
50300	-84.2782656399207	-59.2872593460922	-24.9910062938284	2.9564746555286	0.0662229551543483	5.27072419185725	9.00380500952929	2.89025170037425	
50400	-85.6353237424663	-62.2509039050724	-23.3844198373939	4.55252021622188	1.16354028074248	5.42898287211147	7.45725220569625	3.3889799354794	
50500	-86.1475045142173	-58.39350938687	-27.7539951273473	6.75302273432068	0.666034742405731	5.71717345534426	10.9449279465455	6.08698799191495	
50600	-87.591283670425	-60.5752096401403	-27.0160740302846	1.23129212834216	3.30365184540106	5.71178348787662	10.3126606509297	-2.0723597170589	
50700	-84.9942757622548	-60.216484055493	-24.7777917067619	2.70274911237605	0.012208843456488	5.8856034228259	8.20468137820467	2.69054026891957	
50800	-84.8852840080649	-58.569859702559	-26.3154243055059	3.89915643654489	0.276741607433092	6.17990451195811	9.23908954870171	3.62241482911179	
50900	-90.6535386570739	-60.0787694208504	-30.5747692362234	8.39520215917103	4.11595105347978	6.17199745198314	12.9276099450628	4.27925110569126	
51000	-87.6542071469671	-63.368924970728	-24.2852821762391	8.24873174469643	1.07752515856	5.37897491717313	8.28571928816132	7.17120658613643	
51100	-88.638808258201	-62.4880177788117	-26.1507904793892	3.71878602470927	5.01907841456877	3.72843781864804	11.5482917703896	-1.3002923898595	
51200	-86.302270712936	-59.5696249615898	-26.7326457513462	1.6825401394283	1.67256687846212	5.67890003213261	10.100626186116	0.00997326096618067	
51300	-85.6134993632218	-63.2108891626087	-22.4026102006131	5.8390747259716	0.525080414170493	4.45383205457193	7.58399518078409	5.31399431180111	
51400	-87.6943164027215	-61.3228708811927	-26.3714455215287	2.23422717141263	1.35990348566147	7.22373974608791	8.24366373859561	0.874323685751161	
51500	-85.111204485807	-59.7003526523667	-25.4108518334403	5.17347171740882	2.18082525688978	5.2570448301879	9.38028407806746	2.99264646051904	
51600	-85.9909754873523	-63.0645449272322	-22.9264305601201	6.92174271376528	0.0556168573367408	4.81078578211901	7.67968856973789	6.86612585642854	
51700	-85.5420924495697	-60.0927656122425	-25.4493268373272	2.84999053388559	2.5219839710352	5.09793253202525	9.57264365127526	0.328006562850387	
51800	-84.8087188477606	-58.7320298996626	-26.076688948098	3.47941774713151	1.39536323104231	5.35158659314339	9.86110989015765	2.0840545160892	
51900	-89.2804320245232	-59.6388369545218	-29.6415950700015	0.786655011341949	3.57465855000364	6.30336652795386	11.9898602314036	-2.78800353866169	
52000	-84.6326403885353	-59.7325726631216	-24.9000677254137	3.92549895985327	0.288827031237911	5.83573000581537	8.36021675786219	3.63667192861536	
52100	-84.9343710758899	-60.5413930244982	-24.3929780513917	3.61161384194814	0.970375478120427	4.19238727010389	9.56536980776332	2.64123836382771	
52200	-85.2898228536077	-58.5441652418756	-26.7456576117322	5.43867979968242	0.452900253383536	6.29270070494686	9.49806940823078	4.98577954629888	
52300	-84.9141455856657	-57.3834012375107	-27.5307443481549	3.91043124649399	0.375768245810736	5.47795173578498	10.9912327249742	3.53466300068325	
52400	-87.2956483411294	-57.9544527701381	-29.3411955709913	4.37429229567103	0.29250270375805	7.51634078898069	10.517302766789	4.08178959191298	
52500	-84.6014530346197	-60.226409989814	-24.3750430448056	4.35254771191352	0.449485528135579	4.16023978527237	9.5820191759824	3.90306218377794	
52600	-84.9521375069346	-62.5548186711537	-22.3973188357809	3.69755968613275	0.325935355706047	4.34979409544331	7.68346073070757	3.3716243304267	
52700	-84.381197833951	-59.9089935865324	-24.4722042474186	3.91447908781744	0.262771161886025	5.53795671399285	8.28826182882517	3.65170792593142	
52800	-84.8449901698706	-59.3773786865898	-25.4676114832808	2.98156764662168	0.472793132850807	5.82249695045476	8.86387948214292	2.50877451377088	
52900	-84.2489501192722	-59.4224043563705	-24.8265457629017	2.93024060245328	0.070208584276866	5.09587819391464	9.0365362848363	2.86003201817642	
53000	-85.564410090681	-60.1704848943526	-25.3939251963284	2.92117194343633	0.956025757679623	4.23476111196515	10.3879410385828	1.96514618575671	
53100	-84.7212860539108	-60.3546067085305	-24.3666793453803	4.43604363199599	1.31085382387219	5.28221592848723	8.45281573745638	3.1251898081238	
53200	-84.999319109775	-60.0555076437879	-24.943811465987	5.61093136739261	1.71430381093351	4.98514532792915	9.24860156641557	3.8966275564591	
53300	-85.5652909356349	-59.751675831448	-25.8136151041869	4.30724406685955	0.860216672679503	6.42545341101077	8.55991396086506	3.44702739418005	
53400	-84.2182420766333	-60.1579021815783	-24.0603398950549	5.26409885684303	0.366546741368342	4.74121718650286	8.72909840580292	4.89755211547469	
53500	-85.6891017836581	-59.816083195037	-25.8730185886211	3.81313891686774	3.35455483678551	4.6820496491303	10.3546498549379	0.458584080082229	
